218	0.000451789717576256
218.65306122449	0.001520784726942
219.30612244898	0.00258977973630775
219.959183673469	0.00365877474567355
220.612244897959	0.0047277697550393
221.265306122449	0.00579676476440505
221.918367346939	0.0068657597737708
222.571428571429	0.0079347547831366
223.224489795918	0.0090037497925024
223.877551020408	0.0100727448018682
224.530612244898	0.0111417398112339
225.183673469388	0.0122107348205996
225.836734693878	0.0132797298299654
226.489795918367	0.0143487248393312
227.142857142857	0.0154177198486969
227.795918367347	0.0164867148580627
228.448979591837	0.0175557098674285
229.102040816327	0.0186247048767943
229.755102040816	0.01969369988616
230.408163265306	0.0207626948955258
231.061224489796	0.0218316899048915
231.714285714286	0.0229006849142573
232.367346938776	0.0239696799236231
233.020408163265	0.0250386749329889
233.673469387755	0.0261076699423546
234.326530612245	0.0271766649517204
234.979591836735	0.0282456599610862
235.632653061224	0.0293146549704519
236.285714285714	0.0303836499798177
236.938775510204	0.0314526449891835
237.591836734694	0.0325216399985493
238.244897959184	0.033590635007915
238.897959183673	0.0346596300172808
239.551020408163	0.0357286250266465
240.204081632653	0.0367976200360123
240.857142857143	0.0378666150453781
241.510204081633	0.0389356100547439
242.163265306122	0.0400046050641096
242.816326530612	0.0410736000734754
243.469387755102	0.0421425950828412
244.122448979592	0.0432115900922069
244.775510204082	0.0442805851015727
245.428571428571	0.0453495801109384
246.081632653061	0.0464185751203042
246.734693877551	0.04748757012967
247.387755102041	0.0485565651390358
248.040816326531	0.0496255601484015
248.69387755102	0.0506945551577673
249.34693877551	0.0517635501671331
250	0.0528325451764988
250	0.0557324840764332
256.026490066225	0.0601910828025478
260.331125827815	0.0657643312101912
262.913907284768	0.0746815286624204
266.35761589404	0.0824840764331211
268.940397350993	0.0914012738853504
269.801324503311	0.0992038216560511
270.662251655629	0.10812101910828
272.384105960265	0.118152866242038
274.105960264901	0.125955414012739
275.827814569536	0.134872611464968
276.688741721854	0.142675159235669
277.549668874172	0.15047770700637
278.41059602649	0.157165605095542
279.271523178808	0.164968152866242
280.132450331126	0.173885350318471
280.993377483444	0.182802547770701
281.854304635762	0.19171974522293
283.576158940397	0.201751592356688
284.437086092715	0.211783439490446
285.298013245033	0.222929936305732
286.158940397351	0.232961783439491
287.019867549669	0.24187898089172
287.880794701987	0.250796178343949
289.602649006623	0.260828025477707
290.46357615894	0.271974522292994
291.324503311258	0.280891719745223
292.185430463576	0.289808917197452
293.046357615894	0.298726114649682
293.907284768212	0.30875796178344
294.76821192053	0.31656050955414
295.629139072848	0.325477707006369
296.490066225166	0.33328025477707
297.350993377483	0.343312101910828
299.072847682119	0.352229299363057
299.933774834437	0.362261146496815
300.794701986755	0.374522292993631
301.655629139073	0.382324840764331
304.238410596026	0.389012738853503
305.960264900662	0.397929936305732
307.682119205298	0.407961783439491
309.403973509934	0.41687898089172
315.430463576159	0.42468152866242
322.317880794702	0.42468152866242
327.483443708609	0.43359872611465
330.066225165563	0.442515923566879
331.788079470199	0.45031847133758
333.509933774834	0.459235668789809
336.092715231788	0.46703821656051
337.814569536424	0.477070063694268
340.397350993377	0.485987261146497
342.980132450331	0.493789808917197
346.423841059603	0.50047770700637
350.728476821192	0.506050955414013
356.754966887417	0.509394904458599
362.781456953642	0.512738853503185
366.225165562914	0.521656050955414
370.529801324503	0.529458598726115
373.973509933775	0.539490445859873
375.695364238411	0.547292993630573
378.278145695364	0.553980891719745
380	0.561783439490446
381.721854304636	0.568471337579618
384.304635761589	0.576273885350319
386.026490066225	0.584076433121019
388.609271523179	0.59187898089172
390.331125827815	0.59968152866242
393.774834437086	0.60859872611465
396.35761589404	0.61640127388535
398.940397350993	0.624203821656051
403.245033112583	0.629777070063694
409.271523178808	0.63312101910828
415.298013245033	0.63312101910828
420.46357615894	0.628662420382166
425.629139072848	0.62531847133758
429.933774834437	0.620859872611465
434.238410596026	0.617515923566879
438.543046357616	0.613057324840764
441.986754966887	0.60859872611465
446.291390728477	0.604140127388535
449.735099337748	0.59968152866242
454.039735099338	0.594108280254777
458.344370860927	0.588535031847134
462.649006622517	0.582961783439491
466.953642384106	0.576273885350319
471.258278145695	0.569585987261147
474.701986754967	0.562898089171975
478.145695364239	0.55843949044586
482.450331125828	0.551751592356688
486.754966887417	0.545063694267516
490.198675496689	0.538375796178344
493.64238410596	0.532802547770701
497.086092715232	0.526114649681529
500.529801324503	0.520541401273885
504.834437086093	0.513853503184713
508.278145695364	0.507165605095541
511.721854304636	0.50047770700637
516.026490066225	0.493789808917197
520.331125827815	0.485987261146497
524.635761589404	0.478184713375796
528.940397350993	0.471496815286624
532.384105960265	0.464808917197452
536.688741721854	0.459235668789809
540.993377483444	0.451433121019108
546.158940397351	0.444745222929936
550.46357615894	0.439171974522293
555.629139072848	0.43359872611465
559.933774834437	0.428025477707006
565.099337748344	0.423566878980892
569.403973509934	0.417993630573248
574.569536423841	0.413535031847134
578.87417218543	0.409076433121019
584.039735099338	0.403503184713376
588.344370860927	0.399044585987261
592.649006622517	0.393471337579618
596.953642384106	0.387898089171975
601.258278145695	0.38343949044586
603.841059602649	0.377866242038217
607.28476821192	0.372292993630573
611.58940397351	0.365605095541401
615.033112582781	0.358917197452229
618.476821192053	0.352229299363057
621.920529801325	0.345541401273885
625.364238410596	0.338853503184713
628.807947019868	0.332165605095541
633.112582781457	0.325477707006369
636.556291390729	0.318789808917197
640.860927152318	0.313216560509554
645.165562913907	0.306528662420382
649.470198675497	0.29984076433121
654.635761589404	0.294267515923567
659.801324503311	0.287579617834395
664.105960264901	0.282006369426752
669.271523178808	0.276433121019108
675.298013245033	0.270859872611465
680.46357615894	0.264171974522293
686.490066225166	0.25859872611465
690.794701986755	0.253025477707006
695.960264900662	0.247452229299363
701.12582781457	0.240764331210191
706.291390728477	0.234076433121019
710.596026490066	0.229617834394905
714.900662251656	0.224044585987261
719.205298013245	0.218471337579618
723.509933774834	0.212898089171974
727.814569536424	0.207324840764331
732.980132450331	0.202866242038217
737.28476821192	0.197292993630573
741.58940397351	0.190605095541401
746.754966887417	0.185031847133758
751.920529801324	0.179458598726115
757.086092715232	0.173885350318471
762.251655629139	0.168312101910828
767.417218543046	0.162738853503185
772.582781456954	0.156050955414013
777.748344370861	0.151592356687898
783.774834437086	0.144904458598726
788.940397350993	0.139331210191083
793.245033112583	0.134872611464968
799.271523178808	0.130414012738854
804.437086092715	0.12484076433121
808.741721854305	0.120382165605096
813.046357615894	0.11703821656051
818.211920529801	0.112579617834395
822.516556291391	0.10812101910828
827.682119205298	0.102547770700637
832.847682119205	0.10031847133758
837.152317880795	0.0969745222929937
841.456953642384	0.0925159235668791
846.622516556291	0.0880573248407644
851.788079470199	0.0847133757961784
856.953642384106	0.0813694267515925
861.258278145695	0.0780254777070064
865.562913907285	0.0757961783439491
869.867549668874	0.0713375796178345
874.172185430464	0.0691082802547771
878.476821192053	0.0657643312101912
883.64238410596	0.0613057324840766
889.668874172185	0.0579617834394905
894.834437086093	0.0546178343949045
900	0.0523885350318471

